2025-04-17	0.00526868	-0.00497490	0.01182062	-0.00830133	0.00526868	21276866029.00999832
2025-04-16	-0.01015229	-0.01438518	0.00627276	-0.02114515	-0.01015229	29617804112.22000122
2025-04-15	-0.00434201	0.00601933	0.02850616	-0.00517704	-0.00434201	28040322884.75000000
2025-04-14	0.01043878	0.00030518	0.02529023	0.00025873	0.01043878	34090769777.16999817
2025-04-13	-0.01014180	0.00871846	0.01742078	-0.01792458	-0.01014180	28796984817.36999893
2025-04-12	0.01914482	-0.00335140	0.02594502	-0.01094105	0.01914482	24258059103.93999863
2025-04-11	-0.02206985	-0.06638828	-0.01218988	-0.07446368	-0.02206985	41656778779.19999695
2025-04-10	-0.04530550	-0.01005775	-0.00843965	-0.05933356	-0.04530550	44718000633.05000305
2025-04-09	0.03702063	-0.04210401	0.04916550	-0.06325145	0.03702063	84213627037.88999939
2025-04-08	-0.07631948	-0.04063603	-0.02119389	-0.07721477	-0.07631948	48314590748.66000366
2025-04-07	0.03885285	0.02555832	0.06355042	-0.02406220	0.03885285	91262424987.16000366
2025-04-06	-0.01288380	0.05387967	0.05640646	-0.02697777	-0.01288380	36294853735.95999908
2025-04-05	0.06763862	0.07198435	0.07661674	0.05322870	0.06763862	14380803630.56999969
2025-04-04	0.00405970	-0.00484466	0.01426680	-0.02196342	0.00405970	45157640206.83999634
2025-04-03	-0.00883758	-0.01617685	0.00078114	-0.03055332	-0.00883758	36852112079.93000031
2025-04-02	-0.00742598	0.02500258	0.06454809	-0.00913674	-0.00742598	47584398470.44999695
2025-04-01	0.03253244	0.00080269	0.03639003	-0.00068310	0.03253244	28175650319.38000107
2025-03-31	-0.03076534	-0.03326450	-0.01525256	-0.04550098	-0.03076534	29004228246.59999847
2025-03-30	-0.00259711	0.00058235	0.01158213	-0.01181922	-0.00259711	14763760943.15999985
2025-03-29	0.00319503	0.02450430	0.02711875	-0.00850653	0.00319503	16969396135.14999962
2025-03-28	0.02125446	0.05554219	0.05923027	0.01162332	0.02125446	34198619509.06999969
2025-03-27	0.03347772	0.03014830	0.04070473	0.01760198	0.03347772	24413471940.50000000
2025-03-26	-0.00316845	0.00324781	0.01279068	-0.01509165	-0.00316845	26704046037.95000076
2025-03-25	0.00656860	0.00704175	0.01888944	-0.00638436	0.00656860	30005840048.56000137
2025-03-24	0.00031106	-0.01601404	0.01471363	-0.02207005	0.00031106	34582604932.52999878
2025-03-23	-0.01650924	-0.04190923	-0.01604743	-0.04233197	-0.01650924	12594615536.53000069
2025-03-22	-0.02581954	-0.02333540	-0.01790147	-0.02765218	-0.02581954	9863214090.93000031
2025-03-21	0.00251403	0.00396093	0.01132955	-0.00788976	0.00251403	19030452299.43000031
2025-03-20	0.00147481	0.03366967	0.04045563	-0.00471247	0.00147481	29028988960.56999969
2025-03-19	0.03192494	-0.01720848	0.03390861	-0.01897968	0.03192494	34931960257.27999878
2025-03-18	-0.04761684	-0.03199050	-0.03199050	-0.06533057	-0.04761684	24095774593.79999924
2025-03-17	0.01640729	-0.00171870	0.02426088	-0.00273639	0.01640729	25092785558.06000137
2025-03-16	-0.01779346	0.00306430	0.01160751	-0.02447537	-0.01779346	21330270173.56999969
2025-03-15	0.02135413	0.01681667	0.02534499	0.01283492	0.02135413	13650491277.14999962
2025-03-14	-0.00443437	-0.03884271	0.01090998	-0.04203717	-0.00443437	29588112413.90999985
2025-03-13	-0.03456508	-0.00290798	0.00396089	-0.04808014	-0.03456508	31412940153.29000092
2025-03-12	0.03275896	0.02208893	0.04060701	-0.00532219	0.03275896	40353484453.91999817
2025-03-11	-0.01027388	-0.06209202	-0.00172721	-0.08478152	-0.01027388	54702837195.93000031
2025-03-10	-0.05225792	-0.02733524	0.01319924	-0.06567066	-0.05225792	54061099421.87000275
2025-03-09	0.02634645	0.09705985	0.10109418	0.01936134	0.02634645	30899345977.33000183
2025-03-08	0.06890174	0.07619767	0.07749560	0.05764743	0.06890174	18206118081.06000137
2025-03-07	0.00682590	0.04420762	0.05845836	-0.01667832	0.00682590	65945677657.29000092
2025-03-06	0.03711036	0.04472638	0.06988791	0.01279028	0.03711036	47749810486.30000305
2025-03-05	0.00735685	-0.03044375	0.01152170	-0.03981642	0.00735685	50498988027.44999695
2025-03-04	-0.03753295	-0.05031247	-0.01889451	-0.10035273	-0.03753295	68095241474.12000275
2025-03-03	-0.01325951	0.08055552	0.08263442	-0.02454521	-0.01325951	70072228536.46000671
2025-03-02	0.09507487	-0.00034172	0.10431299	-0.01191482	0.09507487	58398341092.43000031
2025-03-01	-0.08717859	-0.10477092	-0.08197542	-0.11092097	-0.08717859	29190628396.31000137
2025-02-28	-0.01928240	-0.01541619	-0.01157234	-0.09046639	-0.01928240	83610570575.91999817
2025-02-27	0.00392559	-0.00350999	0.03114468	-0.01455503	0.00392559	52659591953.61000061
2025-02-26	-0.00421708	0.04645186	0.05409444	-0.03036830	-0.00421708	64597492134.26999664
2025-02-25	0.05203686	0.08405862	0.09679133	0.01969501	0.05203686	92139104127.69999695
2025-02-24	0.03022443	0.08499116	0.08753230	0.02970116	0.03022443	44046480529.18000031
2025-02-23	0.05311576	0.05643987	0.05746889	0.04213910	0.05311576	16999478976.15999985
2025-02-22	0.00315601	-0.00145125	0.00702412	-0.00528263	0.00315601	18353824476.54999924
2025-02-21	-0.00468242	0.01825377	0.03023683	-0.01785921	-0.00468242	49608706469.55000305
2025-02-20	0.02297406	0.00527576	0.02748125	0.00329909	0.02297406	31668022770.75000000
2025-02-19	-0.01727099	-0.02848870	-0.01503388	-0.03378253	-0.01727099	28990872861.84000015
2025-02-18	-0.01134229	-0.00891801	0.00061846	-0.03359818	-0.01134229	37325720482.36000061
2025-02-17	0.00244758	0.00669315	0.01562384	-0.00309820	0.00244758	27336550689.63000107
2025-02-16	0.00419373	0.01886857	0.02038367	0.00300288	0.00419373	16536755396.22999954
2025-02-15	0.01461208	0.01386379	0.01871593	0.01107528	0.01461208	17047266288.40999985
2025-02-14	-0.00073149	-0.00980708	0.01269845	-0.01268230	-0.00073149	32697987276.91999817
2025-02-13	-0.00907712	0.00389479	0.00617500	-0.02296468	-0.00907712	37147280859.98999786
2025-02-12	0.01306089	-0.00908859	0.01580518	-0.02610810	0.01306089	49340445529.77999878
2025-02-11	-0.02184618	-0.00457402	0.00620149	-0.03075852	-0.02184618	37488783271.88999939
2025-02-10	0.01765192	0.00785432	0.02700635	-0.00445536	0.01765192	40078962390.77999878
2025-02-09	-0.00962116	-0.00981390	-0.00115228	-0.02763099	-0.00962116	27732901800.43000031
2025-02-08	-0.00018285	0.00034369	0.00391412	-0.00826530	-0.00018285	22447526395.11999893
2025-02-07	0.00048333	0.00102472	0.03805556	-0.00858771	0.00048333	55741290456.48000336
2025-02-06	0.00066527	0.00084490	0.02734433	-0.00851280	0.00066527	45302471947.11000061
2025-02-05	0.00022925	0.01330019	0.02608781	-0.00433234	0.00022925	49125911241.12000275
2025-02-04	0.01300386	0.04950836	0.05309885	-0.00421608	0.01300386	73002130210.71000671
2025-02-03	0.03610442	-0.00194862	0.04743303	-0.06773068	0.03610442	115400897748.02999878
2025-02-02	-0.03664936	-0.00733577	0.00024893	-0.05117424	-0.03664936	63091816853.40000153
2025-02-01	0.03037115	0.04825333	0.05186610	0.02670444	0.03037115	27757944848.29999924
2025-01-31	0.01737724	0.04055059	0.05335449	0.00882191	0.01737724	45732764359.59999847
2025-01-30	0.02275548	0.01273679	0.03919475	0.00895091	0.02275548	41915744521.36000061
2025-01-29	-0.00985429	-0.03263251	0.00014803	-0.03295431	-0.00985429	47432049817.94999695
2025-01-28	-0.02286077	-0.01550380	0.00026624	-0.03341288	-0.02286077	47180685494.00000000
2025-01-27	0.00745284	0.01330104	0.01856892	-0.03490036	0.00745284	89006608427.88000488
2025-01-26	0.00582642	0.02571830	0.03282426	0.00411431	0.00582642	22543395879.45000076
2025-01-25	0.01979060	0.02085591	0.02494382	0.01400316	0.01979060	23888996501.99000168
2025-01-24	0.00100119	-0.00715254	0.02276568	-0.01855062	0.00100119	52388229265.30000305
2025-01-23	-0.00819803	-0.01108391	0.01908848	-0.03397919	-0.00819803	104104515428.05999756
2025-01-22	-0.00295404	0.02093313	0.02245253	-0.00577050	-0.00295404	53878181052.37000275
2025-01-21	0.02405326	-0.01544087	0.03403523	-0.03424031	0.02405326	88733878242.00999451
2025-01-20	-0.03890482	-0.04769371	0.02796728	-0.06288402	-0.03890482	126279678351.02000427
2025-01-19	-0.00908730	0.02347288	0.04198467	-0.02397776	-0.00908730	76789928525.08999634
2025-01-18	0.03282692	0.03002631	0.03782387	0.01124758	0.03282692	50445655725.63999939
2025-01-17	0.00051697	-0.04197283	0.01413840	-0.04270898	0.00051697	71888972662.89999390
2025-01-16	-0.04504156	-0.03787734	-0.03523245	-0.06794429	-0.04504156	54103781804.70999908
2025-01-15	0.00749406	-0.03230717	0.00942617	-0.03263197	0.00749406	57805923627.33000183
2025-01-14	-0.03950519	-0.05955441	-0.03136008	-0.06151306	-0.03950519	53769675817.65000153
2025-01-13	-0.02089956	-0.02118581	-0.00722071	-0.07535108	-0.02089956	72978998252.03999329
2025-01-12	-0.00029714	0.00052055	0.00900383	-0.00850660	-0.00029714	20885130964.79000092
2025-01-11	0.00082711	0.00224786	0.00517785	-0.00686219	0.00082711	18860894100.34999847
2025-01-10	0.00142611	-0.02191157	0.01273196	-0.02449598	0.00142611	62058693683.56999969
2025-01-09	-0.02341484	0.00361168	0.00684535	-0.03675354	-0.02341484	62777261693.16000366
2025-01-08	0.02767490	0.04800967	0.05162280	0.00045205	0.02767490	63875859171.19000244
2025-01-07	0.01977180	0.07581084	0.08068895	0.01146160	0.01977180	58685738546.55000305
2025-01-06	0.05319064	0.01436456	0.05736704	0.01035303	0.05319064	51823432704.90000153
2025-01-05	-0.03686517	-0.03765921	-0.03198313	-0.04688882	-0.03686517	20525254824.63999939
2025-01-04	-0.00080080	-0.00211530	0.00426658	-0.00764872	-0.00080080	22342608077.72000122
2025-01-03	-0.00131113	-0.01378819	0.00733627	-0.02241144	-0.00131113	35611391162.84999847
2025-01-02	-0.01244096	-0.03762347	-0.00374703	-0.03981205	-0.01244096	46009564411.19000244
2025-01-01	-0.02546393	-0.03573008	-0.02019895	-0.04230449	-0.02546393	24519888918.84000015
2024-12-31	-0.01049097	-0.01881498	0.01769594	-0.02653819	-0.01049097	43625106842.87000275
2024-12-30	-0.00841266	0.00104887	0.01577795	-0.02260607	-0.00841266	56188003691.41999817
2024-12-29	0.00957451	0.02731814	0.02732703	0.00257523	0.00957451	29635885266.63999939
2024-12-28	0.01746712	0.00673534	0.02133717	0.00517542	0.01746712	24107436184.88000107
2024-12-27	-0.01049843	0.00568538	0.02239204	-0.01947364	-0.01049843	52419934565.08000183
2024-12-26	0.01731704	0.05450905	0.06074147	0.01033321	0.01731704	47054980873.26000214
2024-12-25	0.03657453	0.03006815	0.03844890	0.01876866	0.03657453	33700394629.11000061
2024-12-24	-0.00627493	-0.04647415	0.00105609	-0.05892474	-0.00627493	47114953674.12999725
2024-12-23	-0.04043388	-0.03624693	-0.02290204	-0.06357128	-0.04043388	65239002918.62000275
2024-12-22	0.00442192	0.02674178	0.02824091	-0.00511218	0.00442192	43147981313.69999695
2024-12-21	0.02228898	0.02787718	0.04628744	0.01389609	0.02228898	51765334293.97000122
2024-12-20	0.00546367	0.00267392	0.00899139	-0.05193685	0.00546367	105634083408.08000183
2024-12-19	-0.00271063	0.02367894	0.05106821	-0.02218023	-0.00271063	97221662391.74000549
2024-12-18	0.02616235	0.08879127	0.09210759	0.02616235	0.02616235	93865656139.44999695
2024-12-17	0.06096523	0.05986661	0.08223488	0.05248015	0.06096523	68589364867.84999847
2024-12-16	-0.00104463	-0.01740165	0.01545103	-0.02654607	-0.00104463	91020417816.32000732
2024-12-15	-0.01632585	-0.04391399	-0.00926324	-0.04529572	-0.01632585	51145914137.43000031
2024-12-14	-0.02805145	-0.02729906	-0.01610577	-0.03513599	-0.02805145	40422968793.06999969
2024-12-13	0.00085120	-0.01308352	0.00508856	-0.02110709	0.00085120	56894751583.19000244
2024-12-12	-0.01395887	-0.00287256	0.01050329	-0.02088823	-0.01395887	72073983532.97000122
2024-12-11	0.01129549	-0.03385481	0.01869561	-0.04293923	0.01129549	85391409935.83999634
2024-12-10	-0.04445452	-0.03688531	-0.02869223	-0.06772332	-0.04445452	104823780633.61000061
2024-12-09	0.00783330	0.04718498	0.04755159	-0.02399288	0.00783330	110676473908.41000366
2024-12-08	0.03903506	0.02554784	0.04071802	0.01374069	0.03903506	44125751925.27999878
2024-12-07	-0.01296650	-0.01303191	-0.00664421	-0.02178204	-0.01296650	44177510896.80000305
2024-12-06	-0.00002624	-0.02851298	0.02118169	-0.03411076	-0.00002624	94534772657.91999817
2024-12-05	-0.03329782	-0.01180111	0.03982915	-0.07928219	-0.03329782	149218945579.64999390
2024-12-04	0.02251656	-0.00626381	0.02705928	-0.02001219	0.02251656	77199817111.97999573
2024-12-03	-0.02800857	-0.02950262	-0.02502141	-0.05203042	-0.02800857	67067810961.23000336
2024-12-02	-0.00142560	0.01326895	0.02239987	-0.01582567	-0.00142560	72680784305.11000061
2024-12-01	0.01475499	0.00621742	0.02110071	-0.00099220	0.01475499	36590695296.23999786
2024-11-30	-0.00853967	0.00194305	0.00225689	-0.01167327	-0.00853967	31634227866.45999908
2024-11-29	0.01049744	-0.00824376	0.02326733	-0.01079502	0.01049744	54968682476.36000061
2024-11-28	-0.01856177	-0.01545819	-0.00832452	-0.02856686	-0.01856177	52260008260.61000061
2024-11-27	0.00324156	-0.03841330	0.01786380	-0.04049874	0.00324156	71133452438.22000122
2024-11-26	-0.04144546	-0.02996220	-0.01011622	-0.05410147	-0.04144546	91656519855.41999817
2024-11-25	0.01214301	0.06575099	0.07555244	0.00714895	0.01214301	80909462490.00000000
2024-11-24	0.05275408	0.05022220	0.05955688	0.02884764	0.05275408	51712020622.88999939
2024-11-23	-0.00241334	0.01013042	0.01021139	-0.00796753	-0.00241334	44414644676.69000244
2024-11-22	0.01248125	0.00735498	0.01920918	-0.00567220	0.01248125	78473580550.86999512
2024-11-21	-0.00497925	-0.04710231	0.00016720	-0.04914319	-0.00497925	106024505581.86000061
2024-11-20	-0.04228460	-0.06256383	-0.03657392	-0.06989747	-0.04228460	71730956426.30999756
2024-11-19	-0.02115448	-0.04030850	-0.00356823	-0.04147266	-0.02115448	74521048294.80999756
2024-11-18	-0.01950481	-0.02707357	0.00273973	-0.03194802	-0.01950481	75535775084.25999451
2024-11-17	-0.00769574	0.00017471	0.00983400	-0.01989094	-0.00769574	46350159305.48000336
2024-11-16	0.00793163	0.01356228	0.02134875	0.00276445	0.00793163	44333192813.59999847
2024-11-15	0.00560446	-0.03615666	0.01446876	-0.03791555	0.00560446	78243109518.27000427
2024-11-14	-0.04189901	-0.00539307	0.00767811	-0.04813202	-0.04189901	87616705247.88000488
2024-11-13	0.03820881	0.00778833	0.07087557	-0.01138676	0.03820881	123559027868.69999695
2024-11-12	-0.02901563	-0.02073875	-0.00692488	-0.05993382	-0.02901563	133673285374.50000000
2024-11-11	0.00847787	-0.08509269	0.01874450	-0.08723201	0.00847787	117966845037.02000427
2024-11-10	-0.09275270	-0.13445033	-0.08147625	-0.13681910	-0.09275270	82570594494.53999329
2024-11-09	-0.04591929	-0.04868635	-0.04400693	-0.05840876	-0.04591929	29009480361.15000153
2024-11-08	-0.00303978	-0.01140985	0.00617201	-0.01471924	-0.00303978	55176858002.62000275
2024-11-07	-0.00836912	-0.01186735	0.00519484	-0.02697818	-0.00836912	63467654989.40000153
2024-11-06	-0.00350150	-0.08624424	0.00731567	-0.08672471	-0.00350150	118592653963.00000000
2024-11-05	-0.08301941	-0.10349020	-0.06764084	-0.10814791	-0.08301941	46046889204.12999725
2024-11-04	-0.02231930	-0.00890189	0.00106128	-0.03685023	-0.02231930	41184819348.33000183
2024-11-03	0.01370868	0.02189706	0.02285967	-0.00485144	0.01370868	34868307655.18000031
2024-11-02	0.00797428	0.01083643	0.01638374	0.00425665	0.00797428	18184612091.31999969
2024-11-01	0.00278821	0.01338765	0.03275745	-0.00735433	0.00278821	49989795365.08999634
2024-10-31	0.01054533	0.04105459	0.04576464	0.00155482	0.01054533	40627912076.23000336
2024-10-30	0.03025494	0.03560741	0.03831241	0.01704118	0.03025494	40646637831.37000275
2024-10-29	0.00526616	-0.03358463	0.01710914	-0.03607466	0.00526616	58541874401.84999847
2024-10-28	-0.03867877	-0.06597617	-0.03449130	-0.07130538	-0.03867877	38799856657.22000122
2024-10-27	-0.02830095	-0.04125830	-0.02412379	-0.04377957	-0.02830095	16721307878.10000038
2024-10-26	-0.01346401	-0.01914582	-0.00900025	-0.02309318	-0.01346401	19588098156.31999969
2024-10-25	-0.00555530	0.01716936	0.02547891	-0.02227727	-0.00555530	41469984305.66000366
2024-10-24	0.02278793	0.00016946	0.03236004	-0.00282570	0.02278793	31414428647.20000076
2024-10-23	-0.02536427	-0.01171753	-0.01112525	-0.04361755	-0.02536427	32263980353.22999954
2024-10-22	0.01398726	0.01397672	0.02061318	0.00224544	0.01398726	31808472565.81999969
2024-10-21	0.00009575	0.02435516	0.03119493	-0.00789101	0.00009575	37498611780.19999695
2024-10-20	0.02425273	0.01478934	0.02955645	0.01095282	0.02425273	18975847518.27999878
2024-10-19	-0.00926026	-0.00844515	-0.00483612	-0.01416006	-0.00926026	14443497907.63999939
2024-10-18	0.00081998	-0.01380320	0.00887931	-0.01733276	0.00081998	36857165014.36000061
2024-10-17	-0.01489292	-0.01171768	-0.00740413	-0.02589052	-0.01489292	32790898510.75999832
2024-10-16	0.00315857	-0.00530226	0.01447273	-0.00951201	0.00315857	38195189533.81999969
2024-10-15	-0.00845423	-0.02310737	0.00397793	-0.04146444	-0.00845423	48863870878.62000275
2024-10-14	-0.01484133	-0.06253936	-0.00833239	-0.06859900	-0.01484133	43706958055.79000092
2024-10-13	-0.04837154	-0.04319988	-0.04199300	-0.06072258	-0.04837154	18177529689.88000107
2024-10-12	0.00543581	-0.00647174	0.00950510	-0.00649315	0.00543581	16744110885.86000061
2024-10-11	-0.01183571	-0.04616906	0.00328908	-0.04979818	-0.01183571	30327141594.18000031
2024-10-10	-0.03475999	-0.02983676	-0.01935085	-0.05684804	-0.03475999	30452813570.15999985
2024-10-09	0.00510337	0.03081283	0.03706937	0.00066556	0.00510337	27670982363.45999908
2024-10-08	0.02558292	0.02706318	0.04278830	0.02082237	0.02558292	28134475156.90999985
2024-10-07	0.00168499	0.01105939	0.03720691	0.00033129	0.00168499	34253562610.47999954
2024-10-06	0.00935614	-0.00243703	0.01161549	-0.00648347	0.00935614	14776233666.90999985
2024-10-05	-0.01160487	-0.01196047	-0.00713050	-0.01797823	-0.01160487	13305410748.71999931
2024-10-04	-0.00036191	-0.02150627	0.00605641	-0.02625238	-0.00036191	29585472513.06999969
2024-10-03	-0.02107506	-0.02311986	-0.00964177	-0.03526282	-0.02107506	36106447278.66999817
2024-10-02	-0.00208388	0.00126603	0.02630515	-0.01254874	-0.00208388	40762722397.62999725
2024-10-01	0.00336820	0.04457683	0.05736493	-0.00731465	0.00336820	50220923499.58000183
2024-09-30	0.04096994	0.07886072	0.07886718	0.03347643	0.04096994	37112957474.80999756
2024-09-29	0.03640973	0.04041398	0.04326337	0.03348386	0.03640973	14788214574.54000092
2024-09-28	0.00384459	0.00239008	0.00944954	-0.00270089	0.00384459	15243637983.89999962
2024-09-27	-0.00147201	-0.01073014	0.00900087	-0.01570336	-0.00147201	32058813449.40000153
2024-09-26	-0.00926638	-0.04031139	0.00000203	-0.04744432	-0.00926638	36873129847.33000183
2024-09-25	-0.03126485	-0.01347677	-0.00577649	-0.03429900	-0.03126485	25078377699.65000153
2024-09-24	0.01835229	0.00290919	0.02458017	-0.00642553	0.01835229	29938335243.02999878
2024-09-23	-0.01511874	-0.01024642	0.00671193	-0.02603169	-0.01511874	31400285425.20000076
2024-09-22	0.00503566	0.00105797	0.01047881	-0.01403883	0.00503566	20183348802.13000107
2024-09-21	-0.00398863	-0.00729581	-0.00165518	-0.01359972	-0.00398863	14408616220.03000069
2024-09-20	-0.00318423	-0.00715218	0.01143140	-0.01625104	-0.00318423	35177164222.13999939
2024-09-19	-0.00399599	-0.02439859	0.01075223	-0.02505196	-0.00399599	42710252572.50000000
2024-09-18	-0.02050792	-0.04180864	-0.02027932	-0.05913850	-0.02050792	40990702890.59999847
2024-09-17	-0.02175423	-0.05607765	-0.00541102	-0.06523322	-0.02175423	38075570117.66000366
2024-09-16	-0.03508675	-0.01862606	-0.01828974	-0.04654728	-0.03508675	32032822113.38999939
2024-09-15	0.01701814	0.03107310	0.03762357	0.00865752	0.01701814	18120960866.97000122
2024-09-14	0.01389396	0.02342370	0.02490394	0.00566121	0.01389396	16428405496.29000092
2024-09-13	0.00943553	-0.03124395	0.01071417	-0.03924678	0.00943553	32490528355.50000000
2024-09-12	-0.04035390	-0.05329466	-0.03362881	-0.05351047	-0.04035390	33835707948.72000122
2024-09-11	-0.01348496	-0.00820138	-0.00233438	-0.04403580	-0.01348496	37049062671.52999878
2024-09-10	0.00532830	-0.00563401	0.01197714	-0.01610929	0.00532830	28857630506.88000107
2024-09-09	-0.01091399	-0.04851496	0.00680696	-0.05291148	-0.01091399	34618096173.33000183
2024-09-08	-0.03819688	-0.05036173	-0.03014186	-0.05902846	-0.03819688	18268287531.02000046
2024-09-07	-0.01279827	-0.01627377	-0.00006237	-0.02008509	-0.01279827	19061486526.13999939
2024-09-06	-0.00352675	0.03732013	0.05239076	-0.02846322	-0.00352675	49361693566.13999939
2024-09-05	0.04099696	0.07456986	0.08066598	0.03269217	0.04099696	31030280656.27000046
2024-09-04	0.03224782	0.02261129	0.04186363	-0.00867735	0.03224782	35627680311.93000031
2024-09-03	-0.00932385	0.01957254	0.03180036	-0.00942486	-0.00932385	26666961052.66999817
2024-09-02	0.02927784	-0.00181184	0.03433766	-0.00513654	0.02927784	27036454524.40999985
2024-09-01	-0.03023036	-0.00241370	-0.00085276	-0.03205170	-0.03023036	24592449996.84000015
2024-08-31	0.02868551	0.03125995	0.03675685	0.02517722	0.02868551	12403470760.21999931
2024-08-30	0.00253649	0.00710029	0.01571970	-0.02037257	0.00253649	32292756404.79000092
2024-08-29	0.00454514	-0.00155628	0.03492260	-0.00563685	0.00454514	32224990582.02999878
2024-08-28	-0.00607115	0.00201629	0.01428343	-0.02521552	-0.00607115	40289564698.25000000
2024-08-27	0.00807259	0.06525896	0.07081381	-0.01543134	0.00807259	39103882197.72000122
2024-08-26	0.05674439	0.08130684	0.08378534	0.05622176	0.05674439	27682040631.47999954
2024-08-25	0.02310544	0.02060583	0.03364725	0.01515347	0.02310544	18827683555.11999893
2024-08-24	-0.00240238	-0.00357006	0.00280175	-0.01109261	-0.00240238	21430585163.20999908
2024-08-23	-0.00131871	-0.05917883	0.01196764	-0.05931755	-0.00131871	42530509233.23999786
2024-08-22	-0.05792155	-0.04565209	-0.04191086	-0.06676254	-0.05792155	27625734376.65000153
2024-08-21	0.01313770	-0.02263799	0.02405420	-0.02581019	0.01313770	32731154072.02000046
2024-08-20	-0.03534768	-0.02749056	0.00361480	-0.04191746	-0.03534768	31613400007.91999817
2024-08-19	0.00814504	-0.00901632	0.01016509	-0.01945479	0.00814504	25911207712.09999847
2024-08-18	-0.01696804	-0.00042561	0.01293024	-0.01761624	-0.01696804	17740625837.20999908
2024-08-17	0.01701331	0.00700305	0.02070147	0.00565739	0.01701331	13589684021.37999916
2024-08-16	-0.00983317	-0.03225842	0.00619357	-0.03982839	-0.00983317	29350938673.13999939
2024-08-15	-0.02265094	-0.00273102	0.01603801	-0.04639703	-0.02265094	35682112440.15000153
2024-08-14	0.02045120	0.05300464	0.07171042	0.01585780	0.02045120	29961696179.77999878
2024-08-13	0.03187578	0.01053738	0.04826793	-0.00393306	0.03187578	30327698167.09000015
2024-08-12	-0.02070718	-0.03118603	0.00116754	-0.04818825	-0.02070718	37078637820.19000244
2024-08-11	-0.01069894	0.02679457	0.04084182	-0.01694379	-0.01069894	22759754812.06000137
2024-08-10	0.03791467	0.03681480	0.04674817	0.02670465	0.03791467	15745822278.30999947
2024-08-09	-0.00107802	0.01283757	0.01322570	-0.02228132	-0.00107802	33425553115.27000046
2024-08-08	0.01363377	-0.09609186	0.02946203	-0.10041676	0.01363377	45298472566.62999725
2024-08-07	-0.10829139	-0.09187316	-0.06454785	-0.11488595	-0.10829139	41637562184.66999817
2024-08-06	0.01829734	-0.01882902	0.03693534	-0.01915750	0.01829734	49300484106.29000092
2024-08-05	-0.03645728	0.03704840	0.03987754	-0.12337224	-0.03645728	108991085584.41999817
2024-08-04	0.07641059	0.12380915	0.13097501	0.05962694	0.07641059	31758917219.15999985
2024-08-03	0.04410274	0.05674472	0.06936690	0.02958775	0.04410274	31753030589.34000015
2024-08-02	0.01211221	0.07701708	0.07981413	0.00831901	0.01211221	43060875727.44999695
2024-08-01	0.06419332	0.05227994	0.06803185	0.01357770	0.06419332	40975554493.51000214
2024-07-31	-0.01129560	0.01291006	0.02222715	-0.01262985	-0.01129560	31292785993.68999863
2024-07-30	0.02447826	0.03404253	0.03665197	0.01089369	0.02447826	31380492109.34999847
2024-07-29	0.00934880	0.03108772	0.05719740	0.00500864	0.00934880	40780682628.04000092
2024-07-28	0.02148984	0.01479708	0.02217809	0.00397953	0.02148984	18043166944.54999924
2024-07-27	-0.00648335	-0.00504061	0.01674062	-0.02271814	-0.00648335	34691905492.16999817
2024-07-26	0.00145582	-0.03010512	0.00581391	-0.03051863	0.00145582	30488630457.22000122
2024-07-25	-0.03143535	-0.03734520	-0.02649961	-0.06535790	-0.03143535	38315761669.59999847
2024-07-24	-0.00615853	0.00229007	0.02032254	-0.00958126	-0.00615853	27470942308.81000137
2024-07-23	0.00849810	0.03384731	0.03681820	0.00171830	0.00849810	35605668665.84999847
2024-07-22	0.02514237	0.03375371	0.03871501	0.01036936	0.02514237	42649109453.15000153
2024-07-21	0.00842304	-0.00621938	0.01165425	-0.02578893	0.00842304	26652190003.56999969
2024-07-20	-0.01453870	-0.02119591	-0.00797876	-0.02721616	-0.01453870	19029581249.81999969
2024-07-19	-0.00675203	-0.04751558	0.00415393	-0.05708896	-0.00675203	37003855409.77999878
2024-07-18	-0.04101456	-0.03905577	-0.02406669	-0.05192598	-0.04101456	27239305336.93999863
2024-07-17	0.00226226	0.01747214	0.03271117	-0.00121892	0.00226226	32525071310.74000168
2024-07-16	0.01525846	0.01038114	0.01926963	-0.02543444	0.01525846	41617346767.83999634
2024-07-15	-0.00348700	-0.06577383	-0.00348700	-0.06747174	-0.00348700	38094526099.37999725
2024-07-14	-0.06293126	-0.08701848	-0.05458017	-0.08701848	-0.06293126	22223416060.81999969
2024-07-13	-0.02559460	-0.04736237	-0.01646242	-0.04920971	-0.02559460	17080061806.26000023
2024-07-12	-0.02249610	-0.03192126	-0.01180782	-0.04460057	-0.02249610	25604805220.56999969
2024-07-11	-0.00957782	-0.00292878	0.02417930	-0.01345588	-0.00957782	28707803842.25000000
2024-07-10	0.00693313	0.01201449	0.03512984	-0.00290352	0.00693313	26175260525.72999954
2024-07-09	0.00461933	-0.01797459	0.00860202	-0.02468926	0.00461933	27849512607.27999878
2024-07-08	-0.02248139	-0.03722947	0.00210503	-0.06357967	-0.02248139	39766159898.66000366
2024-07-07	-0.01509543	0.02705810	0.02938046	-0.01607920	-0.01509543	20553359505.20999908
2024-07-06	0.04394748	0.01450273	0.04697368	0.00339936	0.04394748	20610320576.88999939
2024-07-05	-0.02814864	-0.02196658	-0.01383084	-0.07866012	-0.02814864	55417544033.34999847
2024-07-04	0.00556504	0.06150050	0.06595738	0.00203718	0.00556504	41149609229.76000214
2024-07-03	0.05609602	0.08874750	0.09143934	0.04285338	0.05609602	29756701684.52000046
2024-07-02	0.03082886	0.04437949	0.05034466	0.02623766	0.03082886	20151616991.74000168
2024-07-01	0.01326739	0.01039174	0.02818376	0.00752057	0.01326739	25468379421.25999832
2024-06-30	-0.00276344	-0.03124061	0.00064989	-0.03530564	-0.00276344	17333226408.91999817
2024-06-29	-0.02857307	-0.03762736	-0.02521878	-0.03792903	-0.02857307	12652903395.87000084
2024-06-28	-0.00931630	0.01191421	0.02034438	-0.01481385	-0.00931630	24952866877.22999954
2024-06-27	0.02129747	0.00814142	0.03272086	0.00439646	0.02129747	21231745044.68999863
2024-06-26	-0.01288087	0.00300096	0.01346218	-0.01476533	-0.01288087	22506003064.36999893
2024-06-25	0.01633517	-0.00896208	0.02379465	-0.00939842	0.01633517	29201215430.56000137
2024-06-24	-0.02471055	0.02214577	0.02407402	-0.05182363	-0.02471055	43152133650.55999756
2024-06-23	0.04816702	0.06588784	0.06991489	0.04816702	0.04816702	11170471802.36000061
2024-06-22	0.01696371	0.01476820	0.02500067	0.01233339	0.01696371	9858198792.61000061
2024-06-21	-0.00243384	0.00911106	0.01175000	-0.02283254	-0.00243384	26188171739.18999863
2024-06-20	0.01142747	0.01348125	0.03655077	0.00704646	0.01142747	25641109124.02999878
2024-06-19	0.00203058	0.00490529	0.01336906	-0.00208787	0.00203058	21103423504.40000153
2024-06-18	0.00277784	0.02356334	0.02457507	-0.01375209	0.00277784	39481285949.68000031
2024-06-17	0.02071744	0.02296214	0.03143306	-0.00070279	0.02071744	30006354475.77000046
2024-06-16	0.00223720	-0.00452602	0.00608430	-0.00709946	0.00223720	13281140540.78000069
2024-06-15	-0.00672348	-0.00948853	-0.00355436	-0.01151383	-0.00672348	14121265575.80999947
2024-06-14	-0.00271799	0.00840853	0.01667373	-0.01713386	-0.00271799	27403884779.06000137
2024-06-13	0.01129058	0.03381266	0.03567112	0.00444580	0.01129058	28955204145.83000183
2024-06-12	0.02224187	0.00846326	0.04825745	0.00218792	0.02224187	34497940693.81999969
2024-06-11	-0.01332265	0.01856497	0.01917072	-0.03103089	-0.01332265	37116136345.40000153
2024-06-10	0.03238057	0.03434149	0.04179345	0.02822423	0.03238057	20597699540.56999969
2024-06-09	0.00195236	-0.00308989	0.00439120	-0.00505578	0.00195236	13534028500.18000031
2024-06-08	-0.00491355	-0.00464933	-0.00164651	-0.00627802	-0.00491355	14262185861.29000092
2024-06-07	0.00053116	0.02097098	0.03754485	-0.01152160	0.00053116	36188381096.16999817
2024-06-06	0.02039986	0.02509646	0.03292566	0.01119855	0.02039986	25223152007.13999939
2024-06-05	0.00460246	-0.00266850	0.01382539	-0.00517903	0.00460246	32810771409.33000183
2024-06-04	-0.00724583	-0.03205072	-0.00049825	-0.03542599	-0.00724583	33149696544.75999832
2024-06-03	-0.02498292	-0.03987477	-0.00477482	-0.06115741	-0.02498292	32401285323.50999832
2024-06-02	-0.01530675	-0.01590746	-0.00574981	-0.02164463	-0.01530675	17110588415.39999962
2024-06-01	-0.00065925	-0.00407623	0.00130131	-0.00539330	-0.00065925	11641495603.73999977
2024-05-31	-0.00320980	0.00968259	0.01909151	-0.01585538	-0.00320980	27387283769.47999954
2024-05-30	0.01297056	0.00128132	0.02979615	-0.00550506	0.01297056	29509712533.79000092
2024-05-29	-0.01151023	-0.00100404	0.00713046	-0.01848161	-0.01151023	26707072905.63999939
2024-05-28	0.01062665	0.02684456	0.02865642	-0.00519308	0.01062665	32722265965.16999817
2024-05-27	0.01608188	0.00316208	0.03370110	-0.00093301	0.01608188	25870990716.70000076
2024-05-26	-0.01263015	-0.00187721	0.00160928	-0.01744605	-0.01263015	15628433736.90999985
2024-05-25	0.01091468	0.00012890	0.01548834	-0.00003315	0.01091468	15473071741.04999924
2024-05-24	-0.01068122	-0.01931414	-0.00065904	-0.03816124	-0.01068122	29197308152.61999893
2024-05-23	-0.00870522	0.00868582	0.02211090	-0.03165428	-0.00870522	41895680979.34999847
2024-05-22	0.01755901	0.03247122	0.03966066	0.01542964	0.01755901	32802561717.06000137
2024-05-21	0.01467243	0.03357416	0.04085689	0.00099511	0.01467243	46932005990.29000092
2024-05-20	0.01870158	-0.05500396	0.01920589	-0.05774961	0.01870158	43850655717.05999756
2024-05-19	-0.07235767	-0.06312637	-0.05254012	-0.07713305	-0.07235767	19249094537.72000122
2024-05-18	0.00999473	0.01188685	0.01673186	0.00581074	0.00999473	16712277405.87999916
2024-05-17	0.00165923	-0.02553757	0.00774797	-0.02721045	0.00165923	28031279309.72000122
2024-05-16	-0.02714756	-0.01186787	-0.00506243	-0.03637212	-0.02714756	31573077993.79999924
2024-05-15	0.01588052	-0.05637745	0.01874659	-0.05980495	0.01588052	39815167073.50000000
2024-05-14	-0.07114652	-0.05080496	-0.04791741	-0.07762064	-0.07114652	28186271527.16999817
2024-05-13	0.02191058	-0.00165015	0.03037832	-0.01271997	0.02191058	27889181179.45999908
2024-05-12	-0.02310047	-0.03351187	-0.01722206	-0.03606984	-0.02310047	13800459404.70000076
2024-05-11	-0.01065423	-0.01065996	0.00004490	-0.01555402	-0.01065423	13842272967.55999947
2024-05-10	-0.00001534	0.03719927	0.04363992	-0.00962152	-0.00001534	27804954694.22000122
2024-05-09	0.03712912	0.00655380	0.04296791	-0.00238024	0.03712912	25453338160.84999847
2024-05-08	-0.02953242	-0.01137696	-0.00101309	-0.03446206	-0.02953242	26088172222.00999832
2024-05-07	0.01874351	0.03227469	0.05233899	0.01794533	0.01874351	25930730981.56000137
2024-05-06	0.01326918	0.02732815	0.05069532	0.00660017	0.01326918	28697928697.49000168
2024-05-05	0.01376117	0.01156558	0.02294008	-0.00327165	0.01376117	18296164805.45999908
2024-05-04	-0.00218112	-0.01780544	0.00724375	-0.02236068	-0.00218112	20620477991.84000015
2024-05-03	-0.01567715	-0.07464489	-0.00893655	-0.07893324	-0.01567715	33172023048.20000076
2024-05-02	-0.05988892	-0.07371830	-0.05227456	-0.09465174	-0.05988892	32711813559.09000015
2024-05-01	-0.01470521	0.02513497	0.02802725	-0.04343689	-0.01470521	48439780271.05999756
2024-04-30	0.04090443	0.09588027	0.11071036	0.01486693	0.04090443	37840840057.20999908
2024-04-29	0.05284349	0.04072618	0.05834770	0.01910720	0.05284349	26635912073.22999954
2024-04-28	-0.01140156	-0.00654134	0.00752435	-0.01640826	-0.01140156	17334827992.61999893
2024-04-27	0.00484699	0.01010499	0.01244002	-0.01090914	0.00484699	19530783038.95999908
2024-04-26	0.00530093	0.01681241	0.02161045	-0.00152543	0.00530093	24139372950.15000153
2024-04-25	0.01139333	0.00815147	0.02383936	-0.01524089	0.01139333	32155786816.00999832
2024-04-24	-0.00317624	0.02988468	0.04022324	-0.01383082	-0.00317624	30276655120.02000046
2024-04-23	0.03314370	0.03987431	0.04546493	0.02470515	0.03314370	24310975583.47999954
2024-04-22	0.00648128	-0.02216081	0.01244872	-0.02799533	0.00648128	28282686673.29999924
2024-04-21	-0.02859215	-0.02760209	-0.01667377	-0.03830107	-0.02859215	20506644853.02000046
2024-04-20	0.00104421	-0.01656551	0.00794459	-0.02701879	0.00104421	23097485494.81000137
2024-04-19	-0.01770723	-0.02282795	0.00749536	-0.08220780	-0.01770723	49920425400.62999725
2024-04-18	-0.00518165	-0.04022728	0.00441889	-0.04714789	-0.00518165	36006307334.72000122
2024-04-17	-0.03520648	0.00502409	0.01532938	-0.05895140	-0.03520648	41915247048.65000153
2024-04-16	0.04137251	0.03496607	0.05024710	0.00717580	0.04137251	42847528078.04000092
2024-04-15	-0.00604361	0.03021038	0.04805976	-0.02318993	-0.00604361	43595917653.69000244
2024-04-14	0.03645991	0.00646455	0.03781114	-0.01924060	0.03645991	49084320047.00000000
2024-04-13	-0.02916470	0.02205173	0.03335485	-0.07331474	-0.02916470	52869738184.62999725
2024-04-12	0.05287233	0.09777126	0.11596832	0.02245891	0.05287233	44129299406.23999786
2024-04-11	0.04263273	0.05029875	0.06042595	0.03535859	0.04263273	30153382941.04000092
2024-04-10	0.00752595	-0.01313672	0.01474189	-0.03649756	0.00752595	38318601774.43000031
2024-04-09	-0.02052567	0.01479890	0.01635730	-0.03364544	-0.02052567	36426900409.12999725
2024-04-08	0.03604826	0.00323317	0.05172685	-0.00108146	0.03604826	37261432669.08999634
2024-04-07	-0.03167336	-0.03817107	-0.01880365	-0.03880601	-0.03167336	21204930368.77999878
2024-04-06	-0.00672468	-0.02194235	0.00385007	-0.02697185	-0.00672468	19967785808.97000122
2024-04-05	-0.01536324	-0.00552071	-0.00247259	-0.04186928	-0.01536324	33748230055.84000015
2024-04-04	0.00989420	-0.02744709	0.02142781	-0.04015243	0.00989420	34439527441.54000092
2024-04-03	-0.03690083	-0.04469744	-0.02327465	-0.05764135	-0.03690083	34488018367.47000122
2024-04-02	-0.00809075	0.05644392	0.05649480	-0.02113060	-0.00809075	50705240709.23999786
2024-04-01	0.06501709	0.08994320	0.09007471	0.04070046	0.06501709	34873527352.31999969
2024-03-31	0.02340677	-0.00077999	0.02403991	-0.00110868	0.02340677	20050941372.83000183
2024-03-30	-0.02366824	-0.02018968	-0.01371237	-0.02428844	-0.02366824	17130241882.56999969
2024-03-29	0.00355406	0.01578700	0.01820352	-0.00816497	0.00355406	25230851762.56000137
2024-03-28	0.01219185	-0.00629618	0.02365322	-0.01426933	0.01219185	34374900617.48000336
2024-03-27	-0.01822902	-0.01064465	0.01389119	-0.03340205	-0.01822902	40827113309.12999725
2024-03-26	0.00766677	0.00685311	0.02995306	-0.00172381	0.00766677	36010437368.41000366
2024-03-25	-0.00041472	-0.03934600	0.01678512	-0.05105182	-0.00041472	42700139522.63999939
2024-03-24	-0.03894636	-0.08416468	-0.03339183	-0.08766530	-0.03894636	27206630673.06000137
2024-03-23	-0.04717794	-0.05103730	-0.01870731	-0.06240397	-0.04717794	24738964812.31999969
2024-03-22	-0.00442445	0.02228656	0.03998531	-0.02664336	-0.00442445	41401116964.02999878
2024-03-21	0.02685263	0.06479933	0.06932132	0.01257714	0.02685263	44480350564.90000153
2024-03-20	0.03698628	-0.05437715	0.04006433	-0.07151480	0.03698628	66792634382.18000031
2024-03-19	-0.08836070	-0.00526465	0.00284559	-0.09390587	-0.08836070	74215844794.11000061
2024-03-18	0.09102836	0.10431667	0.11280970	0.07561375	0.09102836	49261579492.08999634
2024-03-17	0.01246556	-0.03304653	0.01920284	-0.04446093	0.01246556	44716864318.25000000
2024-03-16	-0.04496969	0.01464915	0.02420874	-0.05248128	-0.04496969	46842198370.83000183
2024-03-15	0.06259890	0.09297627	0.10781598	0.00483160	0.06259890	78320453975.55999756
2024-03-14	0.02871340	0.05295968	0.06262343	-0.01211388	0.02871340	59594605698.01000214
2024-03-13	0.02362734	0.00119792	0.03138644	-0.00087536	0.02362734	48212536929.30999756
2024-03-12	-0.02192300	-0.01311349	-0.00352807	-0.05958454	-0.02192300	62554434520.33999634
2024-03-11	0.00898993	-0.03442498	0.01915777	-0.05996542	0.00898993	65716656764.80999756
2024-03-10	-0.04303867	-0.05024198	-0.02937589	-0.05385071	-0.04303867	35683977531.51999664
2024-03-09	-0.00754718	-0.01043942	-0.00502361	-0.01400557	-0.00754718	21609650379.02999878
2024-03-08	-0.00290203	-0.02278560	0.02312695	-0.03311630	-0.00290203	59202881172.23999786
2024-03-07	-0.02012607	-0.03221597	-0.00395573	-0.03871973	-0.02012607	46989543159.20999908
2024-03-06	-0.01223272	-0.04705878	0.01064537	-0.06091569	-0.01223272	68750229073.49000549
2024-03-05	-0.03487697	0.03379766	0.04634660	-0.10260508	-0.03487697	102802940877.32000732
2024-03-04	0.07098955	-0.01041035	0.07422794	-0.02217324	0.07098955	70670471104.66999817
2024-03-03	-0.07555999	-0.09218204	-0.07464035	-0.10091249	-0.07555999	26253811449.72000122
2024-03-02	-0.01800810	-0.01164712	-0.01121895	-0.02390604	-0.01800810	23888473684.90000153
2024-03-01	0.00662240	-0.01389305	0.01814056	-0.01978595	0.00662240	40186368422.94999695
2024-02-29	-0.01989489	0.00093768	0.01833759	-0.03109997	-0.01989489	65496611843.55000305
2024-02-28	0.02134707	-0.06744108	0.04435981	-0.07287707	0.02134707	83239156760.05999756
2024-02-27	-0.08670403	-0.12775705	-0.07946510	-0.12831959	-0.08670403	49756832031.01000214
2024-02-26	-0.04489715	-0.09380393	-0.03761380	-0.10780942	-0.04489715	34074411896.31999969
2024-02-25	-0.05115631	-0.05423800	-0.04718014	-0.05898917	-0.05115631	15413239244.60000038
2024-02-24	-0.00313403	-0.01926936	-0.00094798	-0.02218672	-0.00313403	15174077878.77000046
2024-02-23	-0.01627179	-0.00556898	-0.00141884	-0.01957157	-0.01627179	21427078269.50000000
2024-02-22	0.01129515	0.02212996	0.02518459	0.00383080	0.01129515	25413900610.68000031
2024-02-21	0.01041237	0.01887851	0.02073566	-0.01234219	0.01041237	28624907019.65000153
2024-02-20	0.00859761	-0.00118544	0.02133275	-0.02019456	0.00859761	33353758255.74000168
2024-02-19	-0.00967258	-0.00287007	0.00379559	-0.01096023	-0.00967258	21362184346.20999908
2024-02-18	0.00663204	-0.00226296	0.01115930	-0.01053388	0.00663204	17595377310.88000107
2024-02-17	-0.00881672	0.00075073	0.00133088	-0.02787425	-0.00881672	20009091006.09999847
2024-02-16	0.00962405	0.00531776	0.01693620	-0.00041864	0.00962405	28180567297.56000137
2024-02-15	-0.00424934	-0.00620050	0.01265072	-0.01511833	-0.00424934	38564360532.50000000
2024-02-14	-0.00215370	-0.04245616	0.00159447	-0.05086251	-0.00215370	39105608049.68000031
2024-02-13	-0.04021586	-0.03637768	-0.02833103	-0.06599302	-0.04021586	35593051468.37000275
2024-02-12	0.00433801	-0.02907087	0.01081640	-0.04014038	0.00433801	34511985804.59999847
2024-02-11	-0.03331398	-0.04382174	-0.02846955	-0.04685553	-0.03331398	19315867135.90999985
2024-02-10	-0.01082205	-0.02361350	-0.00305932	-0.02875300	-0.01082205	16398681569.87999916
2024-02-09	-0.01306386	-0.05178620	0.00798005	-0.05255151	-0.01306386	39316770843.66999817
2024-02-08	-0.03914620	-0.05970821	-0.03332878	-0.05970821	-0.03914620	26154524080.45999908
2024-02-07	-0.02170658	-0.04881830	-0.02118289	-0.05575101	-0.02170658	21126587774.95000076
2024-02-06	-0.02783398	-0.03747518	-0.02197913	-0.04037172	-0.02783398	16798476725.59000015
2024-02-05	-0.00988764	-0.01176866	0.00950632	-0.01902892	-0.00988764	18715487317.31999969
2024-02-04	-0.00176009	0.00788292	0.01029048	-0.00665356	-0.00176009	14802225490.25000000
2024-02-03	0.00959681	0.01412236	0.01823142	0.00721461	0.00959681	11169245236.23999977
2024-02-02	0.00450337	0.00198616	0.01000735	-0.00948804	0.00450337	18603843039.33000183
2024-02-01	-0.00254909	-0.01426620	0.00132703	-0.03025688	-0.00254909	21423953779.18000031
2024-01-31	-0.01144885	-0.00300687	0.01489538	-0.01803398	-0.01144885	24673628793.15999985
2024-01-30	0.00868904	0.01685246	0.02950361	0.00302390	0.00868904	23842814517.72000122
2024-01-29	0.00781413	-0.02145837	0.00822443	-0.02640764	0.00781413	20668476578.33000183
2024-01-28	-0.02893744	-0.02684607	-0.01134414	-0.03676141	-0.02893744	16858971687.06999969
2024-01-27	0.00200930	-0.00523293	0.00380718	-0.01437626	0.00200930	11422941934.26000023
2024-01-26	-0.00719808	-0.05183373	0.00212081	-0.05447201	-0.00719808	25598119893.13000107
2024-01-25	-0.04503123	-0.04164166	-0.03736268	-0.05431320	-0.04503123	18491782013.18999863
2024-01-24	0.00358757	-0.00140763	0.01377219	-0.01064284	0.00358757	22359526178.02000046
2024-01-23	-0.00577692	-0.01393210	0.00125459	-0.03880471	-0.00577692	29244553045.29999924
2024-01-22	-0.00848733	0.04286806	0.04531637	-0.00992412	-0.00848733	31338708142.68999863
2024-01-21	0.05159581	0.05477762	0.05943195	0.05036126	0.05159581	9344043641.69000053
2024-01-20	0.00288360	0.00189684	0.00799384	-0.00238196	0.00288360	11586690904.11000061
2024-01-19	-0.00113229	-0.00929126	0.01124607	-0.03283590	-0.00113229	25752407154.40999985
2024-01-18	-0.00856229	0.02700498	0.03022555	-0.02372116	-0.00856229	25218357242.09999847
2024-01-17	0.03588271	0.04532110	0.04672167	0.02247227	0.03588271	20851232595.15999985
2024-01-16	0.00964590	-0.00569256	0.01926933	-0.01536303	0.00964590	24062872739.52000046
2024-01-15	-0.01489925	-0.03336530	0.00381826	-0.03358887	-0.01489925	22320220557.74000168
2024-01-14	-0.01683521	0.00776948	0.01302295	-0.01852076	-0.01683521	17521429522.38999939
2024-01-13	0.02502885	0.02400159	0.03441437	0.01597926	0.02502885	20601860468.70000076
2024-01-12	0.00025172	0.08198449	0.08533028	-0.02190848	0.00025172	43332698900.40000153
2024-01-11	0.08203405	0.08874272	0.14272469	0.06593395	0.08203405	45833734549.23000336
2024-01-10	0.00558986	-0.00532786	0.02757547	-0.04066189	0.00558986	50114613298.09999847
2024-01-09	-0.01046691	0.00771771	0.02714952	-0.02966180	-0.01046691	39821290991.55999756
2024-01-08	0.01800557	-0.04748670	0.02336968	-0.06275825	0.01800557	42746192015.18000031
2024-01-07	-0.06445333	-0.06327456	-0.05269117	-0.07043301	-0.06445333	19330573863.31999969
2024-01-06	0.00104901	0.00536734	0.00647506	-0.01064879	0.00104901	16092503467.54999924
2024-01-05	0.00394409	0.00463261	0.00827685	-0.02738118	0.00394409	32336029346.79999924
2024-01-04	0.00039015	-0.02959233	0.01375215	-0.03368268	0.00039015	30448091209.81000137
2024-01-03	-0.03014369	0.01769314	0.02995298	-0.07619721	-0.03014369	46342323118.41000366
2024-01-02	0.04923884	0.03124902	0.07121728	0.03101123	0.04923884	39335274535.93000031
2024-01-01	-0.01758620	-0.05956085	-0.01740590	-0.06101239	-0.01758620	18426978443.25000000